processes
[  5.98245614   9.34         7.35135135   3.71875      2.95121951
   4.87179487   5.24528302   2.56097561   2.70229956   2.71428571
   5.87269373   3.875        4.93085106   1.81355932  15.625     ]
[ 62.54355186  21.3844      25.47114682   1.38964844   2.82688876
  11.2399737   10.10964756   0.97798929   8.19788781   6.10884354
  18.52069348   4.171875    99.06968651   2.86354496  68.834375  ]
[7.908448132352606, 4.624326978058538, 5.046894770301652, 1.178833507116251, 1.6813354087428376, 3.352607000755111, 3.179567197184194, 0.9889334113518677, 2.8631953851084453, 2.4716074804497103, 4.303567529601764, 2.042516829796024, 9.953375633911019, 1.6922012168608394, 8.29664841969334]
threads
[ 13.84210526  10.34        17.97297297  10.           5.75609756
   8.64102564  36.49056604   5.2195122    4.71286513   3.76190476
  10.94464945  11.625        5.85106383   2.76271186  39.125     ]
[ 690.97506925   41.3044      246.56683711   50.5625       17.59904819
   76.79421433  746.28764685    5.82986318   35.69256911   19.51473923
   57.58365218  232.796875    119.5416478    26.65555875  459.559375  ]
[26.286404646738546, 6.426849928230781, 15.702446850964906, 7.110731326663946, 4.195121951219512, 8.763230815896378, 27.318265809699792, 2.4145109601491863, 5.974325828586142, 4.4175490069749035, 7.588389300990383, 15.257682491125577, 10.93351031482738, 5.1629021632688685, 21.43733600520363]
syscalls
[  4367.81578947   1909.62         7468.7027027    5954.90625
    622.87804878   7886.92307692  17049.18867925    690.29268293
   1215.80360472    608.95238095   2594.76568266    703.34375
    915.36702128    491.71186441   8912.675     ]
[  9.54245584e+07   5.87176840e+06   7.58909097e+07   5.20821417e+07
   1.31729577e+06   5.90289994e+07   1.74722560e+08   1.85755914e+05
   2.88743994e+07   1.73770052e+06   6.50316071e+06   9.02798351e+05
   3.14739479e+06   4.02600214e+06   1.41574253e+08]
[9768.549453781701, 2423.173207923858, 8711.538883711943, 7216.795806309123, 1147.7350589816908, 7683.033216402182, 13218.266155327612, 430.9941001182085, 5373.490425908191, 1318.2186926083054, 2550.1295478422335, 950.157013648764, 1774.0898485779417, 2006.4900042902937, 11898.497948034237]
